28495411
27978724
27324971
27318799
27318797
28393343
28324745
26871468
26648469
28225952
28667385
28667256
28667707
28667146
28666601
28665591
28665249
28664587
28664548
28664590
28664450
28664435
28664433
28663500
28663336
28662821
28662033
28661895
28662911
28661760
28661616
28661601
28659748
28658241
28657911
28657890
28657361
28657716
28657719
28657718
28657206
28657205
28657177
28657013
28656759
28656748
28657892
28656627
28656078
28655770
28655746
28653830
28651884
28650895
28650891
28650326
28651385
28651721
28649627
28649078
28650605
28650778
28649324
28648828
28648827
28648810
28648724
28648723
28648447
28648150
28648148
28645520
28643824
28643823
28643530
28643523
28643354
28642625
28644100
28644287
28642005
28641439
28641350
28638443
28637644
28637625
28637624
28637623
28637224
28637435
28637144
28637436
28636204
28636203
28636202
28636201
28635187
28633681
28633679
28633061
28632256
28632232
28632017
28631812
28631791
28631721
28631720
28631397
28631757
28629210
28629039
28628506
28628109
28627659
28627569
28626867
28626304
28625897
28625896
28625895
28644652
28662567
28627149
28626691
28623544
28621931
28621751
28621525
28623548
28621403
28621024
28621413
28620391
28622429
28621244
28614757
28616179
28667886
28613176
28613175
28620560
28612644
28612576
28613580
28610595
28610033
28614185
28590641
28588067
28587126
28571931
28566547
28584259
28566389
28566979
28562203
28563522
28662981
28560918
28622169
28559311
28560325
28559017
28560523
28556359
28556234
28556063
28661892
28553146
28558293
28629235
28548867
28550197
28548533
28561394
28550021
28548341
28548567
28663931
28607077
28549950
28550093
28550099
28549870
28549314
28662867
28543378
28603615
28548273
28543179
28543097
28541256
28538360
28603593
28606042
28538270
28603590
28603252
28537114
28538858
28534346
28622611
28533461
28530712
28538762
28527833
28527717
28527664
28527628
28527436
28526560
28526329
28526224
28525973
28525423
28525378
28524672
28559465
28525483
28524124
28522707
28523845
28521710
28520091
28519837
28520459
28519794
28519795
28519252
28601258
28516182
28515327
28512360
28512358
28519018
28508114
28505861
28505828
28505805
28504935
28504038
28501213
28501037
28495183
28495100
28493108
28493125
28492143
28490645
28603721
28479881
28482777
28479432
28477469
28479763
28478793
28478808
28473355
28477180
28477183
28477182
28471279
28473082
28474795
28464030
28464029
28455515
28452668
28456227
28452684
28561080
28445515
28667497
28443655
28441636
28441384
28441262
28440911
28442416
28438766
28494921
28437821
28437791
28437269
28437042
28436700
28434470
28644168
28432036
28431337
28433964
28430624
28431958
28624363
28431669
28429577
28492770
28430727
28429412
28602337
28601802
28426168
28426165
28425531
28435030
28644283
28424942
28425044
28663631
28648448
28421479
28419457
28418058
28413151
28413146
28412353
28411247
28412605
28410447
28412664
28412666
28412665
28631394
28406653
27049763
28650327
28425600
28402500
28401507
28401402
28637392
28637377
28400567
28400569
28603253
28402394
28402974
28402973
28396699
28396698
28393861
28395548
28386299
28395525
28432780
28643165
28393013
28603245
28390633
28391781
28391780
28394084
28392709
28386301
28386300
28521776
28382603
28110649
28110654
28382064
28383902
28383904
28377247
28631802
28376989
28381751
28559543
28375583
28667294
28362461
28363599
28543315
28361336
28492379
28361921
28356934
28356888
28554426
28603613
28356404
28519683
28352147
28549556
27910104
28350280
28613420
28603526
28351552
28603247
28644385
28347756
28347266
28347075
28273996
28346665
28346295
28346753
28346248
28345386
28312351
28343990
28345023
28409642
28667528
28337686
28336766
28340968
27894360
28336690
28603600
28603246
28332048
28332036
28328750
28328599
28328220
28603311
28603310
28603308
28502420
28322793
28321682
28321193
28519358
28473072
28316572
28315692
28311533
28311274
28311272
28311271
28309775
28669003
28309488
28650325
28305814
28603244
28344879
28344877
28344878
28344876
28301214
28300926
28299110
28297618
28299430
28297937
28294649
28291160
28291122
28291689
28667806
28286231
28357003
28284445
28282114
28280922
28323137
28273614
27936029
28273528
28271858
28534336
28269130
28269140
28265439
28265081
28265529
28603591
28603243
28603242
28257925
28266027
28258807
28255138
28251512
28248920
28245759
28248750
28245325
28245328
28240533
28238562
28236738
28236065
28226248
28224173
28223769
28602877
28223214
28223185
28216191
27883562
28217424
28223021
28226477
28223215
28648210
28221294
28326973
28365203
28221288
28217604
28216654
28382908
28215100
28556116
28407088
28209469
28204828
28090465
27357357
28554642
28202168
28432830
28192855
28192365
28191949
27891347
28192747
28192749
28192748
28560542
28548692
27427729
28184025
28180345
28180760
28261146
28177849
28176552
28176551
28176550
28176549
28176546
28176545
28176544
28173361
28171686
28181495
28606140
28603595
28185155
28149820
28508097
28149864
28148691
28606142
28148374
28393346
28167210
28610594
27976429
28134096
28133922
28430738
28134213
28134516
28128651
28127098
28122009
28561038
27748853
28603602
28107047
28605637
28110317
28102931
28102083
28602342
28100245
28093119
28147692
28404772
28179273
28560401
28086233
28084970
28084411
28083706
28648813
28084227
28071971
28069120
28069117
28068971
28560546
28068139
28069002
28156661
28058549
28549836
28502667
28038549
28038961
28601827
28031117
28382199
28475243
28031567
28605789
27786704
28606044
28130647
28663541
28661562
28018760
28601843
28262789
28210261
28534337
28004325
28002871
28393342
28607492
28560220
27995384
27995087
27995201
27995132
28473070
27992042
27990842
27329734
27986748
27984444
27984445
27976541
27993296
27012641
27978587
27977068
27121019
27964293
27963220
28604300
27702896
28383164
28383166
28383167
28383165
27952410
27952781
28328569
28613282
27938750
28367792
27937306
27935465
27825460
27930290
27936619
27737197
27915321
27914756
28433942
27913685
27911054
27911053
27910103
27910099
28395019
27902320
25901984
27748866
27894867
28476748
28163630
28622500
27908754
26988497
27886593
27871027
27871026
28172316
28629243
27863102
27860436
27859858
27859854
27873972
28613474
28384331
27853285
27858184
27853346
28310552
27844121
27754986
28202025
27827463
27818438
27812040
27962059
28436037
28436036
28436035
28436034
27795847
27793600
27789002
25920615
27788094
27787401
27781856
27781376
27781251
27781381
27773358
28284317
27765961
27385281
27764854
27383955
27383956
27756363
27744441
27744335
27740451
28119433
27703340
27702859
24958114
27702895
22254602
27643121
27687984
27687178
27696866
27663601
27658226
27568886
27609620
27600837
27592435
27583591
27577260
27561892
28605318
28434460
28406850
27261853
27273819
27532981
27522013
27504702
27499669
26504762
27458903
27436360
27432517
27415563
27678563
27403591
27392331
27391216
27383954
28583548
27366763
27362280
28603706
27315495
27977574
27303609
27299285
27289795
27295890
27272135
27261681
27255241
27238943
28606745
27874381
28235220
27227491
28648459
28648458
28648457
28603708
28603707
28601842
27146676
27141758
27123240
27121020
28217733
27110379
27101720
27080266
28622502
28622501
27026892
27016482
26999715
26335818
27439427
26957928
28581962
26925257
26323435
26896294
26894472
24473700
28321203
26757954
26746394
28111731
26826221
28309121
28309468
26666998
26666997
26661106
27456382
26472101
26331818
26326242
26308535
26160406
26159904
26946114
26032551
27894868
26009596
28613389
25791291
25626964
25626935
25624807
28216057
26983953
23500753
23534422
23077823
25788878
21106119
27936614
19559460
